975411
975441
977121
956299
973441
956270
896173
960440
897298
968673
928740
933155
937445
957903
918014
896542
976573
983452
951582
944965
952225
948337
932687
944348
924049
943079
940297
926949
925464
992164
956844
947244
952892
929467
953873
922759
972459
902125
940184
966438
956655
924833
959958
905320
960233
943359
900180
913418
932971
916986
944859
930375
925686
964205
927432
987354
927361
976510
969293
937798
982926
948627
952550
962962
992231
934949
969652
927821
921172
936479
984447
940464
