965645 294 18893 15168
964209 23347 12080 364
953485 25457 15261 5797
963755 27797 2891 5557
924798 3555 30388 41259
662721 112730 43481 181068
290322 109337 483248 117093
874455 11668 22150 91727
318296 60195 242188 379321
308004 6620 639256 46120
682316 271216 13950 32518
146483 91199 646447 115871
549357 5829 211967 232847
679675 288841 10465 21019
737444 86885 109783 65888
617444 37855 180646 164055
294103 92548 574302 39047
493412 101756 122820 282012
789622 165045 33755 11578
140256 67013 486132 306599
536843 207044 159375 96738
645728 150231 71137 132904
275689 365459 56585 302267
113536 2027 379444 504993
175586 166281 291706 366427
322873 386895 187592 102640
273097 31464 687547 7892
194712 143469 121597 540222
4719 347124 147355 500802
740277 12669 98497 148557
465725 91931 160250 282094
246920 214356 348734 189990
741426 117257 32116 109201
137594 342350 166319 353737
370562 101422 242955 285061
279310 194859 364999 160832
333895 50845 550854 64406
280027 66631 341777 311565
529846 237810 216897 15447
343253 442529 127565 86653
5263 777357 213769 3611
193472 405434 144415 256679
118808 124021 131784 625387
243703 231563 467566 57168
59545 172114 713661 54680
423651 106478 408773 61098
204438 580431 136006 79125
404202 344853 221783 29162
155238 185171 202430 457161
127180 275069 297884 299867
249216 51869 498091 200824
180871 85139 515912 218078
6203 183640 418664 391493
79913 643025 44966 232096
152011 184321 193296 470372
242829 196470 463333 97368
270932 200570 200788 327710
227989 468240 167515 136256
137887 169083 137835 555195
323126 100824 517918 58132
93557 149525 527278 229640
19713 76338 615734 288215
329711 28918 77496 563875
695036 55942 122551 126471
899 79270 110464 809367
120905 367598 492521 18976
280836 99969 586767 32428
764608 12731 115526 107135
520822 48201 300215 130762
143714 120053 19024 717209
57358 73585 176727 692330
306220 41357 361163 291260
